16.7238 0
21.8251 8
23.397 12
19.6836 2
20.1741 1
25.6346 3
32.0061 2
37.7906 2
31.8739 1
35.0534 3
37.5946 0
30.2118 3
35.394 1
31.8873 0
31.6769 0
30.5537 2
35.9386 2
36.6085 0
35.9524 1
34.3111 0
30.4785 1
19.564 0
32.3189 1
33.8842 1
30.8347 1
29.7418 0
35.036 0
27.2985 0
34.4166 0
31.1338 0
24.8366 0
25.0332 0
29.2261 0
23.8028 1
29.175 0
30.3683 0
26.7815 1
28.0118 0
32.6794 0
29.9156 0
28.5683 0
26.792 0
28.6462 0
30.2972 0
27.8358 0
28.4471 0
26.512 0
28.0694 0
25.618 0
26.9907 0
27.4955 0
24.2959 0
26.9824 0
19.1435 0
25.6065 0
25.2366 0
22.1691 0
22.484 0
22.8787 0
18.9735 0
25.4691 0
24.3529 0
24.7749 0
21.0099 0
24.9115 0
23.2669 0
24.1458 0
23.5333 0
23.81 0
20.8848 0
22.7215 0
22.2563 0
22.6971 0
21.6473 0
23.1678 0
22.9811 0
21.8493 0
24.694 0
22.2553 0
21.5633 0
21.4457 0
21.8587 0
21.1113 0
22.0358 0
22.3231 0
21.3001 0
16.9222 1
22.1957 0
24.5876 0
21.8513 0
22.1939 0
21.6751 0
21.7155 0
22.2699 0
19.1823 0
21.6158 0
21.4153 0
21.9817 0
25.0893 0
21.1602 0
21.931 0
22.1272 0
21.3858 0
21.7431 0
24.7257 0
20.3346 0
22.1556 0
22.0086 0
22.2896 0
18.7009 0
23.2036 0
25.2533 0
22.2449 0
21.8132 0
23.593 0
24.2406 0
23.2914 0
23.1014 0
18.3092 0
22.788 0
24.3222 0
23.5164 0
23.6244 0
22.962 0
22.9409 0
27.7137 0
23.4637 0
24.4905 0
26.4606 0
23.4447 0
25.3432 0
22.4695 0
25.4641 0
22.3153 0
26.1517 0
28.1341 0
23.7777 0
26.083 0
24.1101 0
25.3664 0
23.4005 0
23.6272 0
27.1106 0
17.2911 0
26.1561 0
27.6553 0
26.8529 0
23.2917 0
26.996 0
26.1971 0
26.9486 0
29.9752 0
27.0956 0
28.3771 0
25.3229 0
26.7479 0
28.1369 0
28.2129 0
23.4447 1
29.88 0
27.9898 0
27.1271 0
29.9151 0
29.9888 0
25.0358 0
26.1899 0
29.557 0
26.0529 0
28.5231 0
29.1897 0
30.153 0
28.0064 0
28.3499 0
25.6301 0
30.5376 0
29.9938 0
28.1437 1
31.5021 0
27.8441 0
29.3631 0
22.0701 1
30.7818 0
29.4626 0
30.4869 0
24.2037 1
25.4875 0
30.1813 0
30.7532 0
30.1139 0
25.8836 1
26.3464 0
26.9634 1
29.8256 0
30.885 0
29.9704 1
28.8639 0
20.5634 1
35.1926 0
29.4746 1
30.2732 1
29.8668 0
23.2072 0
27.0255 0
30.6775 1
34.7121 0
31.1267 0
31.642 1
31.8677 0
36.7911 1
27.304 0
30.3923 2
29.6745 1
35.9703 0
30.8382 0
34.1816 0
35.1287 0
30.7892 1
27.9653 0
32.3893 0
28.9546 0
36.319 0
27.1202 1
31.6284 0
35.5394 0
40.7762 1
31.1402 0
31.4152 1
29.0794 1
30.3745 2
25.3364 0
24.7499 2
26.1839 2
38.0917 0
35.2912 0
32.2349 0
35.6232 1
35.4011 1
31.5164 1
31.8744 0
34.6822 1
34.0618 0
35.6747 0
31.9746 1
37.3973 0
30.4069 1
24.4732 1
35.8234 1
33.4392 1
30.9328 1
37.0947 1
33.266 1
33.5311 1
36.3381 1
30.3866 0
32.7374 1
37.0113 1
33.2247 2
28.001 1
30.3736 1
39.0404 1
37.2166 2
37.4478 0
36.1144 1
34.6101 0
38.2446 1
40.5708 1
27.3414 3
38.0899 1
37.5959 2
34.5816 2
30.4452 0
27.9437 2
35.6584 1
42.8441 1
39.1005 1
30.7998 2
30.6732 0
36.955 1
35.7224 2
40.3919 1
31.3399 2
42.7066 1
36.0277 1
37.2155 2
29.7518 2
34.0967 2
41.3551 2
42.072 2
33.5106 1
43.7516 2
37.028 2
33.0176 2
36.45 2
35.7502 2
33.9725 1
31.4624 1
28.0732 2
36.9179 2
43.7138 1
43.2573 2
38.0979 2
26.8013 3
40.3515 1
29.1601 3
30.9885 2
42.9856 3
37.9531 2
32.3973 1
35.8424 3
43.8724 2
40.2313 3
37.4763 5
34.6246 1
36.6477 1
37.667 2
31.8562 3
40.4057 2
40.6767 2
30.1609 4
31.163 3
34.1226 2
27.2092 1
25.9435 2
49.2177 2
38.2478 2
43.7385 4
35.3054 1
35.3301 2
33.2431 5
36.2628 3
37.7656 4
30.7919 4
34.0983 2
41.1964 3
40.6003 1
38.2795 4
43.9249 4
38.7568 0
37.8696 2
31.3063 1
42.6021 3
36.5139 1
38.1641 3
30.5554 3
29.037 1
38.3938 4
45.513 3
39.1181 3
39.1111 5
42.5371 2
21.6159 2
31.022 2
31.4465 1
46.0002 2
41.4532 2
37.0227 4
57.4093 4
35.6765 2
33.3756 7
29.4823 3
36.9958 5
41.7017 4
46.7251 4
33.1899 5
48.3506 4
26.4625 7
48.6194 4
35.6905 4
34.7524 3
24.5677 4
34.7139 2
27.6803 4
44.6173 4
37.9416 5
47.5448 3
49.3564 4
38.7572 5
33.5437 3
39.101 6
37.7352 5
41.3655 3
42.425 2
35.9205 4
35.7135 6
36.4087 3
40.3163 15
28.357 5
39.9372 6
40.0705 3
37.7699 2
45.3517 4
43.3451 15
38.126 7
39.9696 4
45.693 5
39.7296 5
45.0201 4
47.85 6
49.6038 15
44.3559 12
38.1419 14
45.1669 4
31.3407 4
35.9978 3
41.1577 4
33.2341 3
44.5686 5
43.514 2
29.0904 3
40.4789 5
29.1261 3
39.3301 4
43.7262 5
37.2002 3
39.7672 3
36.1773 2
45.7301 5
32.2217 5
43.7312 3
39.8576 7
55.3953 3
46.717 3
27.9727 9
35.2698 4
53.5447 4
26.233 6
56.2415 5
40.7556 6
41.5889 4
44.143 6
49.3902 5
39.1618 6
47.7129 2
34.2758 6
37.7656 7
32.1549 6
48.1148 4
42.5522 4
54.9476 3
41.4674 4
35.0013 5
44.1046 7
42.2743 3
52.0312 4
53.6531 5
37.3213 6
41.075 4
32.9312 7
46.9228 7
33.4233 4
53.2246 5
40.6902 6
40.8367 4
50.9412 5
38.4233 8
32.7686 8
40.373 15
35.5852 5
48.876 12
47.3647 2
49.9757 15
52.7981 5
42.4589 4
44.407 9
27.4642 3
43.787 10
50.742 5
43.2082 5
38.5189 6
32.2541 7
28.7017 14
49.5357 7
61.8008 15
45.7113 4
37.5129 16
44.0431 5
34.8142 11
39.2063 5
57.3934 5
60.9454 6
42.3485 4
42.9621 6
43.9158 5
52.9513 4
37.5711 11
55.5058 8
41.1153 7
46.6511 6
60.2241 8
44.4703 7
59.0272 5
53.6636 6
37.401 5
42.0882 8
38.3184 7
59.5063 6
37.7543 5
53.0868 7
51.0684 6
43.2663 6
46.2974 4
39.7258 12
45.1823 12
55.4792 5
43.6513 6
35.6421 6
54.0816 7
56.2848 6
34.952 3
46.8707 6
48.1953 8
52.3994 5
45.0893 9
46.9295 7
34.4063 16
46.8125 6
42.184 6
39.501 14
52.3403 14
71.0327 3
53.4505 6
43.847 7
46.974 12
44.1745 5
47.0709 15
35.5402 12
43.2283 4
31.5886 8
46.8739 6
52.311 4
51.3621 11
41.9714 8
57.5489 7
19.8753 7
49.5343 5
44.1347 6
47.5563 15
45.9433 9
40.0402 12
39.5335 8
45.1523 6
49.8926 3
41.0038 7
62.8002 13
48.8156 8
53.7463 5
46.3967 16
51.8861 4
44.8001 6
37.9477 8
45.5458 7
69.4221 13
37.0097 11
45.37 13
28.9318 4
40.8437 14
35.5611 9
48.3778 8
45.7957 10
42.2085 6
31.9376 10
43.4191 11
45.2891 9
48.9522 16
37.9153 13
42.2619 15
41.9767 11
49.831 16
51.4406 8
52.0742 16
52.3662 8
38.2423 10
41.9333 4
54.5544 5
40.4009 10
41.4833 9
36.9579 14
36.3717 8
48.5686 5
42.5816 7
51.6206 10
45.9779 14
54.1671 14
34.5621 6
38.5003 13
45.3397 11
42.7127 8
42.0087 11
37.171 6
52.8873 15
65.3086 15
54.8021 5
41.1628 7
60.631 7
44.6638 7
57.9346 9
50.8802 8
56.5127 15
51.7288 6
49.6434 14
49.7204 7
60.8657 16
51.8289 13
34.5116 9
49.5753 10
41.5034 9
35.2486 9
47.74 11
46.2946 9
49.8757 10
58.2263 8
58.3659 16
48.1971 11
36.9962 5
55.8786 8
44.8855 8
42.1125 7
44.9151 5
51.2916 8
43.6176 10
40.4589 9
59.6892 15
45.7852 16
32.9628 9
40.9246 14
53.2293 8
38.2806 9
47.3737 7
56.3901 16
40.9251 15
36.8464 6
42.4696 14
55.4334 14
61.1897 6
41.8537 11
53.6264 8
36.6577 6
37.3871 10
37.0929 13
63.3001 14
