36.9964 4
31.8811 6
48.1617 4
45.2438 2
47.6081 4
37.9763 2
35.8327 6
38.6361 4
41.6444 1
43.23 0
36.1647 4
36.9566 2
37.0714 3
41.2969 2
28.6145 2
37.8425 2
38.8245 1
41.0848 3
38.9009 2
40.4429 2
37.1192 0
33.1798 0
35.6319 1
30.3349 1
38.4638 1
29.9185 2
36.9965 0
35.8141 1
35.1897 1
31.3947 0
30.8828 0
26.3514 1
30.985 0
29.6769 1
33.5529 1
33.9181 0
33.0492 0
31.4091 0
34.7004 0
33.1025 0
31.4564 0
28.3812 0
30.7637 0
31.1866 0
31.6073 0
29.8056 0
26.4643 0
27.4893 0
30.9274 0
27.5064 1
29.8872 0
25.6716 0
30.0566 0
29.7499 0
30.8114 0
27.1665 0
27.222 0
26.5633 0
27.4974 0
27.3652 0
25.2922 0
26.3046 0
24.5958 0
22.4441 0
26.367 0
26.8876 0
24.6595 0
27.0329 0
24.9693 0
26.2911 0
24.7427 0
26.2049 0
24.9668 0
25.7543 0
26.2422 0
27.3411 0
21.3016 0
24.2456 0
21.0134 0
27.3161 0
27.0586 0
25.1237 0
25.0061 0
25.1031 0
27.6461 0
24.4488 0
24.9944 0
22.8162 0
24.5164 0
23.7777 0
26.28 0
21.1036 0
22.853 0
24.6811 0
25.0012 0
26.0688 0
23.2644 0
24.8234 0
25.0158 0
26.9599 0
25.5129 0
25.5684 0
23.1959 0
23.6126 0
25.2768 0
21.3903 0
24.0359 0
26.7118 0
25.623 0
26.9024 0
27.9529 0
28.2764 0
26.2835 0
25.0614 0
26.0146 0
25.3745 0
24.8674 0
26.5434 0
26.5076 0
28.1347 0
26.6297 0
27.5251 0
26.8227 0
26.1642 0
24.3117 0
27.2407 0
30.0619 0
26.5709 0
28.3678 0
24.9053 0
27.8364 0
27.4362 0
28.2431 0
23.4058 0
26.409 0
28.1021 0
27.3555 0
27.7363 0
28.697 0
23.9266 0
30.9638 0
25.2889 0
27.9133 0
29.9724 0
25.8433 0
26.6511 0
32.0642 0
27.7636 1
32.4451 0
29.8366 0
25.7029 0
31.9438 0
27.3819 0
28.0593 0
30.765 1
27.1663 1
30.9514 0
30.3204 0
31.5835 0
25.2954 0
27.9749 0
31.1507 0
30.9268 0
31.3344 0
26.0372 0
28.8765 0
28.3517 1
30.6175 0
29.9023 1
30.9 0
30.8883 0
36.2265 0
31.5177 2
32.2932 0
31.1703 0
29.6669 0
32.1042 1
27.2738 0
34.628 0
31.5982 1
32.0382 0
33.2807 0
30.407 0
33.3136 0
28.9493 1
34.2456 0
28.4245 1
32.3231 0
31.9333 2
26.3945 0
35.3246 0
35.9343 0
35.7625 0
28.1892 0
31.7105 0
35.9753 0
38.4728 0
32.9035 0
30.5863 0
33.7822 1
36.6631 0
37.6975 0
30.6952 1
31.0584 0
34.5495 1
33.5403 2
29.1137 2
34.1468 1
36.9645 1
29.4486 2
32.9714 0
31.5433 1
32.9277 1
30.2988 1
35.4535 0
33.38 2
36.4032 1
34.5266 2
42.9633 0
33.7293 1
29.1653 1
36.2457 1
35.0386 2
38.3519 0
34.4832 1
37.4257 1
35.1276 0
32.7974 1
38.7282 1
40.3732 2
31.2626 1
41.2077 2
32.4917 2
39.4955 0
39.8555 1
37.2626 1
41.1188 3
32.7027 1
41.9744 0
34.5512 2
35.7851 2
39.6866 3
38.5981 2
38.2553 1
34.929 2
33.4062 3
40.2685 2
33.585 2
37.3107 1
34.1547 2
30.2898 3
39.3635 2
37.7587 0
34.6499 1
38.5372 2
32.6064 3
41.0555 3
42.5906 1
34.8227 2
44.1423 3
29.0929 2
37.168 4
35.0227 6
45.4328 1
40.9416 1
33.7919 1
45.1947 1
38.3881 2
34.6191 2
39.5806 2
41.2794 3
39.5342 3
27.8415 2
37.402 1
38.5443 0
44.2067 0
35.5082 2
36.9027 2
40.0571 1
43.5083 2
44.605 3
40.3517 3
36.2421 5
41.3109 4
43.8081 2
37.1117 3
32.4149 2
39.8996 1
39.2898 7
39.4167 3
41.6758 4
40.4531 3
38.2977 1
43.9474 3
44.5457 4
39.8707 1
36.0216 3
60.101 4
40.8006 5
41.4435 3
36.5525 5
44.4261 2
38.7873 3
41.7615 2
36.2916 5
40.5661 3
38.675 5
46.8652 2
38.8612 3
50.0299 4
40.289 3
34.0946 5
35.6457 6
43.0128 5
45.6445 5
35.0684 3
38.3922 5
47.5768 3
41.3433 5
32.2694 4
42.139 4
44.8215 4
39.7055 4
35.3083 7
45.9764 5
30.5915 1
50.1958 6
42.0574 6
34.8345 1
38.7024 7
44.704 2
28.2722 5
47.2009 5
53.3718 3
46.5045 5
47.5127 5
39.7501 4
45.6517 2
40.0319 6
43.6628 3
54.3109 3
36.9218 6
36.1047 3
48.2509 5
32.0987 3
45.2913 4
37.7601 5
40.1097 5
39.3003 7
43.7977 6
42.0656 6
44.2277 6
46.361 4
38.6425 2
49.456 5
39.1092 7
50.395 7
45.2801 4
41.1256 6
38.711 5
58.1616 6
39.5087 6
34.1176 8
29.8204 12
42.4963 5
40.599 8
53.6953 12
61.4273 5
51.5257 4
59.8002 6
47.9821 6
43.0168 10
42.878 7
42.1544 8
32.8752 3
40.9897 3
49.2189 9
47.0446 9
38.9584 9
36.7668 11
42.909 10
32.88 10
39.1595 7
42.9805 7
54.9732 6
65.0649 6
52.844 7
45.8804 5
49.7489 7
61.6566 4
44.8161 5
48.098 7
36.8339 9
43.4737 8
65.9345 5
45.093 7
45.399 7
47.031 7
59.7651 6
52.5818 8
38.6754 8
36.8968 11
51.9157 7
39.7324 6
52.5647 7
47.2997 6
51.4838 6
54.7732 7
41.1952 11
60.774 8
48.6103 9
44.9401 7
56.4986 7
44.8007 8
33.7976 7
43.0235 9
28.6698 6
41.307 7
33.3309 11
56.0159 10
48.4139 9
44.3402 20
48.5001 7
43.3875 9
39.8546 5
45.4345 8
40.2327 6
34.1299 11
60.9725 6
50.6706 9
59.1889 8
42.8099 10
56.7648 12
44.8029 8
50.4407 8
34.3276 7
40.5516 9
56.1113 9
46.1254 5
37.446 7
43.2598 8
56.6843 6
50.7801 16
51.1864 12
46.704 15
41.0227 10
42.8962 7
42.7818 10
43.1711 11
55.0298 12
36.2306 8
59.0158 21
41.4234 12
51.5814 9
44.7271 10
42.333 11
59.3168 7
47.1254 12
38.702 10
36.1051 8
53.5669 23
44.3252 9
50.9397 9
53.3668 7
33.2134 10
42.5761 9
60.675 11
53.2665 10
54.1929 7
42.7304 9
53.2793 10
37.1697 8
43.9337 11
46.9264 15
38.2847 17
41.6834 17
47.7937 9
44.9562 11
45.1616 9
42.3513 13
49.0811 4
43.5023 20
59.2716 8
60.1959 6
49.5372 10
55.8762 9
40.9987 11
61.2725 7
36.9008 12
50.8464 14
51.2424 22
57.1251 9
68.6559 8
48.2703 7
45.3595 20
42.499 7
44.3697 20
58.8165 9
49.4011 9
48.6967 9
51.1732 13
53.4589 24
44.092 14
57.8054 12
44.122 9
62.6679 6
41.5018 7
52.4464 11
57.9533 7
46.9189 11
58.5297 12
51.2116 9
47.7586 8
41.5029 10
40.8324 23
55.3214 10
47.0832 16
39.9808 13
57.777 17
46.7368 11
51.6133 13
42.4394 15
75.4429 7
47.4632 11
46.3559 10
45.8047 13
46.851 12
55.1209 16
40.515 17
54.6247 8
47.0084 14
65.8671 8
48.7184 9
52.3377 10
42.2542 10
51.1872 11
45.7058 11
57.3754 21
56.0142 13
47.4303 19
60.0075 7
49.1636 11
51.4255 12
46.6993 12
57.1749 11
44.0846 9
49.0555 11
65.2759 6
60.7468 8
57.6015 14
39.1286 22
63.0536 16
50.2736 16
40.1738 13
50.1897 6
51.2073 11
56.4707 15
51.4978 12
41.894 19
52.9291 15
43.4111 17
50.5542 12
47.9996 16
68.8102 11
38.0637 10
44.0856 16
43.8509 14
59.6782 11
32.0907 19
69.291 9
61.6146 9
43.5474 21
49.9667 11
49.831 23
65.0402 24
52.3352 13
56.9516 17
56.0335 11
58.9039 15
51.7883 22
44.6058 10
59.7846 18
56.1752 17
43.4159 24
53.6053 25
50.9173 17
36.2159 14
52.6933 9
64.8583 12
60.0671 25
67.3476 11
50.9987 10
36.3178 12
50.4686 11
63.3659 9
42.0319 10
63.4532 10
44.071 18
48.5368 12
56.2433 23
40.9175 17
58.7008 12
69.6237 10
50.8502 14
49.7046 22
56.0148 12
44.6744 19
48.6784 25
60.1157 10
53.5208 17
35.5225 13
70.5357 10
61.1588 11
53.11 11
34.7851 16
38.2431 18
53.8931 10
39.2269 14
48.3495 11
52.4257 18
47.6547 14
38.6017 25
54.2602 11
57.2228 15
56.3863 8
53.6642 19
70.0174 8
70.0026 19
52.3848 23
41.7827 14
47.8264 12
64.1874 23
57.55 22
53.8707 18
54.3441 15
56.8737 13
45.975 23
48.6728 18
49.539 12
46.8713 12
