48.6359 36
47.5577 36
46.5083 36
47.4086 36
43.032 36
35.66 18
44.5902 36
32.2505 15
31.1976 31
37.5565 21
44.9844 1
36.571 1
34.7777 2
34.7531 15
32.469 2
37.8821 2
35.9804 0
39.4403 2
43.0831 4
41.2114 1
38.3582 0
36.9584 2
38.1855 1
35.8917 2
36.4013 1
35.0471 1
36.1557 1
34.6751 0
39.2108 1
38.2398 1
35.9696 0
34.2298 0
32.4902 1
35.0465 1
35.2575 1
35.4398 0
32.2775 0
28.9799 0
36.8296 0
34.3691 0
36.433 0
33.1331 0
29.0905 0
33.3072 0
33.4835 1
32.6382 0
33.1359 0
30.6597 0
30.8209 1
31.0287 0
32.0861 0
32.2246 0
31.3313 0
29.7585 0
31.1779 0
30.3718 0
26.8326 0
30.0315 0
30.0367 0
31.6308 0
27.7907 0
27.8118 1
29.7933 0
29.8106 0
29.54 0
27.9762 0
28.4547 0
28.0191 0
28.6676 0
28.7795 0
28.1987 0
27.9011 0
29.7901 0
27.728 0
29.4154 0
26.8999 0
25.8837 0
28.5937 0
25.7005 0
24.0093 0
27.084 0
25.2842 0
26.9909 0
27.1055 0
29.1981 0
26.3952 0
28.1304 0
28.0938 0
26.8641 0
23.9001 0
27.1374 0
28.1896 0
28.5163 0
25.6432 0
26.6531 0
26.7171 0
27.1735 0
26.8278 0
26.6177 0
27.7589 0
27.5412 0
28.149 0
27.4502 0
27.4829 0
26.7285 0
27.5101 0
27.6256 0
27.0788 0
27.3162 0
28.8684 0
24.7823 0
27.4646 0
28.8279 0
26.5223 0
28.0148 0
28.8423 0
26.8532 0
26.5812 0
28.1928 0
28.6023 0
29.9155 0
26.8356 0
31.0124 0
30.544 0
29.5491 0
29.5513 0
28.0492 0
29.0097 0
28.2152 1
27.8711 0
30.6935 0
30.3087 0
29.9412 0
28.2146 0
28.8337 0
30.7758 0
31.2221 0
31.3781 0
30.6148 0
30.5425 0
32.0254 0
29.4147 0
31.826 0
28.3138 1
33.9946 0
33.0743 0
27.5727 1
31.8024 0
32.4005 0
30.5752 0
33.4344 0
32.7247 0
30.0251 0
29.4229 0
28.8523 1
35.4258 0
32.079 0
33.9761 0
32.5774 0
32.5999 0
31.8303 0
35.0072 1
33.5391 1
32.5533 0
33.8006 0
33.7592 0
36.7161 0
34.2079 0
30.7147 0
33.9345 0
29.8626 1
33.4333 0
34.3525 1
31.8986 0
33.1431 0
31.4115 1
35.5401 0
36.4341 0
31.8129 2
30.2367 1
37.226 2
34.8237 0
32.8697 0
33.8605 1
35.67 0
32.6767 0
28.544 0
36.6186 0
34.4719 1
35.4263 1
35.65 2
35.1321 1
38.3304 0
36.6376 0
36.5938 0
32.8678 1
33.7081 1
35.1692 0
37.3506 0
34.2873 0
35.7904 2
38.5176 1
39.0171 0
28.8917 1
40.2661 0
33.3284 3
38.6846 0
35.4745 2
32.6849 1
41.1934 0
37.5365 1
39.1621 1
39.1488 1
37.7489 0
38.3694 4
44.1236 1
35.0533 1
37.3021 2
37.7328 1
40.424 2
38.6953 2
36.6542 3
39.3684 1
33.0172 2
39.3784 1
38.7842 0
38.1851 3
38.6502 0
36.5439 2
37.912 2
39.4065 3
37.9982 2
38.8189 4
35.5149 2
39.2146 2
34.8928 1
45.6545 1
37.156 2
40.1319 2
35.9199 0
41.4229 4
45.6602 2
43.2484 2
38.5976 2
30.6964 4
38.8798 5
34.3537 6
35.22 1
39.8558 3
42.8767 3
37.2695 4
36.9624 2
36.0373 3
36.218 3
41.9275 2
39.1798 3
37.1669 1
41.1815 2
42.5401 4
38.8703 2
50.4416 2
38.2909 1
36.0272 7
37.6333 3
41.4663 3
39.9307 7
50.0143 4
41.0658 3
39.133 3
37.8462 5
46.946 1
42.9741 3
40.6875 3
42.0535 1
47.8657 3
34.2077 4
46.1147 4
47.7048 4
44.7366 4
39.9268 1
38.4347 5
41.8934 6
45.1586 2
42.649 3
40.8001 3
46.032 2
48.8465 5
43.7703 6
45.7954 4
45.2873 6
35.3636 4
39.3441 3
44.2219 7
44.5229 5
38.7093 4
40.9389 3
42.0568 5
44.0863 6
43.4361 5
39.7983 5
41.7881 7
47.4989 6
46.7259 3
43.4052 7
41.9526 4
44.6991 5
48.2504 3
42.7639 7
50.0195 5
44.1606 7
48.0525 5
40.0821 5
36.6326 6
39.2616 3
47.52 3
42.4988 6
46.8087 3
45.1049 8
44.9041 3
41.5147 7
39.2019 5
44.321 5
43.5024 6
38.1522 10
44.4398 4
46.8481 8
49.465 4
42.2619 10
38.7009 5
51.2519 5
42.3454 6
38.9093 14
40.6078 6
46.5714 8
35.8842 6
46.8838 7
48.4569 6
46.3699 7
54.4127 3
53.6685 10
48.7848 6
45.9459 6
49.9113 8
42.9088 9
42.937 2
45.3393 5
46.5413 7
39.2708 5
41.0262 7
40.6182 4
36.3628 8
49.5698 7
54.0631 8
44.5387 10
45.5764 6
49.2353 12
45.3081 7
46.2538 8
49.2795 8
44.152 6
40.6818 9
47.6887 9
45.7698 8
49.9644 7
45.2566 5
40.0102 6
42.1245 8
46.2586 5
39.588 14
50.6432 10
50.6346 7
49.4558 8
45.5076 12
40.7788 8
44.5354 12
44.3105 11
49.5274 10
47.3525 10
49.8761 6
59.662 11
48.3661 7
43.1582 7
47.4918 9
47.0769 11
50.3909 12
37.9702 13
45.5418 12
52.1539 12
40.666 11
40.6645 9
38.5843 9
65.9937 16
58.7452 12
43.3505 10
51.135 10
48.4833 10
49.5179 10
45.9487 13
58.8755 9
45.3787 9
47.9742 12
50.6869 7
46.4131 7
44.0561 7
60.1799 8
39.5297 19
44.4707 14
63.4639 7
48.5534 12
43.6189 9
47.2629 11
48.7458 10
55.5576 12
40.7573 14
56.2117 9
50.7798 10
54.9936 14
51.1544 10
45.6675 14
60.7064 9
54.0575 7
50.8597 10
44.8372 9
52.8086 10
55.5707 9
51.7645 11
51.3261 12
55.3004 12
56.3838 8
56.7256 13
43.998 12
49.8263 14
50.518 12
47.345 7
51.132 16
56.2961 11
47.1843 14
39.0059 15
56.1911 8
57.3679 33
47.2026 15
52.8624 11
43.9508 11
49.1806 6
48.1348 17
41.466 14
43.4254 13
44.1283 9
53.7503 15
50.2627 32
55.5214 14
50.7524 12
51.1342 13
52.0197 14
51.8851 10
52.4102 14
47.2693 15
47.7508 18
48.3233 17
52.7939 13
60.4484 13
51.7055 11
52.3428 13
51.369 16
55.6328 15
48.3182 10
54.3108 12
61.9663 17
47.3625 13
48.3408 12
46.6228 8
51.0321 34
62.1228 13
50.417 10
55.3607 27
43.3674 19
48.2867 10
51.3273 20
46.5026 18
50.4107 36
46.6374 25
56.2784 12
55.7008 29
63.0286 12
51.3231 11
53.5907 12
48.2481 11
48.6043 13
43.0235 16
61.7297 17
51.5506 18
53.8387 14
46.0481 13
47.2447 13
53.2956 16
59.7679 15
60.748 23
51.0462 14
54.1402 16
51.4333 17
66.4645 17
58.9501 15
47.1711 15
56.7844 10
49.8352 14
57.8397 17
45.2161 30
48.4752 12
42.3174 18
51.9198 25
44.814 32
46.1688 13
42.1064 16
53.3358 18
62.133 15
39.4156 14
58.196 15
46.8056 24
51.0012 21
47.0261 26
44.1665 23
40.0211 18
47.2688 15
50.4858 27
60.4099 13
52.5454 32
62.8918 20
65.2267 11
52.256 27
50.4966 28
55.1128 13
62.921 18
49.8678 15
50.2498 17
48.8451 18
48.1208 25
59.4586 33
68.8757 14
50.3833 15
59.8096 16
46.8106 23
50.4522 30
55.1223 15
45.351 20
56.4531 34
49.0407 23
44.2737 20
60.0015 16
39.9429 14
47.7841 22
57.1642 18
59.8723 17
49.4868 17
59.1193 24
59.2657 36
45.6393 18
48.294 30
58.012 20
55.996 19
63.2391 13
51.8922 34
49.2174 36
53.2817 31
48.133 16
51.807 23
43.7184 21
52.0721 18
57.4398 20
54.0203 21
45.5913 33
56.3042 19
40.4529 16
58.0656 21
47.9315 22
51.7587 14
46.5064 18
52.5484 22
52.3589 18
59.5633 19
46.9955 28
57.7933 34
46.0547 23
56.1725 21
50.3902 16
45.0677 22
57.3376 19
44.0946 30
50.8984 28
42.5776 18
49.2152 14
62.8709 24
41.7078 33
52.7522 16
64.3012 11
49.7454 19
49.6044 26
55.9954 19
52.5069 16
49.4908 27
49.6977 15
46.0668 16
47.1719 25
43.6721 19
47.7115 17
53.1846 18
59.5654 24
54.6545 18
46.0401 28
59.5611 22
51.464 34
53.9847 20
52.9797 28
56.8038 17
49.2327 17
57.2194 28
65.2104 25
53.125 35
49.9614 29
57.0871 15
40.9689 20
56.761 19
48.4292 29
55.6702 29
65.4357 18
61.9786 20
58.2857 17
59.416 15
54.1758 20
45.7298 20
50.2032 23
47.8616 26
49.8934 32
43.5652 23
45.5199 20
59.7213 34
51.6816 24
50.9403 27
62.7247 20
59.6885 31
48.234 29
